#Sun Nov 26 23:10:15 MSK 2017
A=7.3
B2=2.65
B1=25.0
E={37.857142857142854,56.78571428571428}
D=37.857142857142854
C=40.15
B=25.55
