#Wed Nov 01 19:41:35 MSK 2017
tt=11.0
eee=11.0
kk=6.8
eeee=38.0
ttt=121.0
hh=-3.0
varvar=64.0
ddd=8.8
ihg=72.0
rewrrw=9.0
y=121.0
hgf=9.428571428571429
rrr=1.44
bbb=-1.0
varvvvv=49.0
qqq=49.0
qwer=9.166666666666666
someVar=16.0
fa=0.9642857142857143
ngnd=36.0
varrr=49.0
newVar=4.0
hhh=81.0
gfrreg=0.8307692307692308
tre=1.0
ggg=64.0
gsdfgsd=1.9565217391304348
var=3.0
anyVar=4.0
nnn=62.0
miniVar=99.0
